#Start
00 00 00 00 00 00 00 00 00 00 00 00 00 00 00 00
00 00 00 00 00 00 00 00 00 00 00 00 00 00 00 00
00 00 00 00 00 00 00 00 00 00 00 00 00 00 00 00
00 00 00 00 00 00 00 00 00 00 00 00 00 00 00 00
00 00 00 00 00 00 00 00 00 00 00 00 00 00 00 00
00 00 00 00 00 00 00 00 00 00 00 00 00 00 00 00
00 00 00 00 00 00 00 00 00 00 00 00 00 00 00 00
00 00 00 00 00 00 00 00 00 00 00 00 00 00 00 00
00 00 00 00 00 00 00 00 00 00 00 00 00 00 00 00
00 00 00 00 00 00 00 00 00 00 00 00 00 00 00 00
00 00 00 00 00 00 00 00 00 00 00 00 00 00 00 00
00 00 00 00 00 00 00 00 00 00 00 00 00 00 00 00
00 00 00 00 00 00 00 00 00 00 00 00 00 00 00 00
00 00 00 00 00 00 00 00 00 00 00 00 00 00 00 00
00 00 00 00 00 00 00 00 00 00 00 80 80 80 80 80
80 80 80 80 80 80 80 80 80 80 80 80 80 80 80 80
80 80 80 80 80 80 80 80 80 80 80 80 80 80 80 80
80 80 80 80 80 80 80 80 80 80 80 80 80 80 80 80
80 80 80 80 80 80 80 80 80 80 80 80 80 80 80 80
80 80 80 80 80 80 80 80 80 80 80 80 80 80 80 80
80 80 80 80 80 80 80 80 80 80 80 80 80 80 80 80
80 80 80 80 80 80 80 80 80 80 80 80 80 80 80 80
80 80 80 80 80 80 80 80 80 80 80 80 80 80 80 80
80 80 80 80 80 40 00 0E 30 2C 02 03 0B 00 00 00
00 00 00 00 00 00 00 3C 32 00 00 00 00 00 00 00
00 00 17 3D 00 26 1E 3C 00 3F 3A 00 00 00 00 00
00 00 00 08 00 00 00 00 00 00 1F 00 00 00 00 3F
38 00 00 04 33 00 00 00 00 38 00 00 00 3F 27 00
13 00 00 36 38 00 3C 36 35 00 39 3F 31 3F 39 00
00 3F 27 3F 0E 3E 35 00 13 00 26 00 39 3F 27 00
13 34 00 34 33 36 11 36 3D 0C 3D 37 03 00 00 3F
3F 28 07 12 00 38 00 14 3D 14 29 0D 1D 0E 3D 00
00 3F 3E 3F 28 3C 00 3B 36 02 00 3C 10 3D 3D 3C
00 3C 20 00 05 00 08 00 0F 00 10 00 1F 00 20 01
00 01 1A 02 00 04 00 05 28 1F 3F 3F 3C 3F 3A 3F
38 3F 37 3D 0C 3E 00 3C 00 3A 18 3F 38 38 00 38
00 38 00 3B 00 08 15 20 3F 08 24 20 3F 29 1E 38
00 06 1E 08 22 20 3F 08 31 20 3F 2D 2D 1C 20 1D
1F 20 3E 21 04 21 09 21 19 21 29 01 3E 01 3A 01
3B 01 3C 30 3A 30 01 3B 00 3E 04 3E 28 0B 09 0B
0A 1A 29 3A 20 33 1C 3B 00 09 10 18 08 0B 03 18
09 1C 08 10 09 2A 0D 0B 07 18 16 0B 08 18 21 09
12 18 19 09 12 18 24 09 06 19 05 18 1A 18 25 19
04 27 02 09 17 33 22 33 24 30 22 30 12 30 0A 30
3A 38 00 3A 00 2A 29 3B 00 38 00 3E 04 18 3B 08
3B 38 0A 38 0A 03 05 1B 04 08 3B 03 06 0B 04 2A
37 33 19 33 1C 18 3B 09 22 18 3C 30 01 09 05 38
01 3D 20 09 06 19 05 2F 01 04 00 0F 16 3F 1B 00
00 03 30 00 0F 08 00 38 00 0D 0B 2A 35 1B 26 38
08 1B 27 30 39 2B 16 30 3A 10 3D 38 00 10 3C 2B
20 2A 28 30 19 2B 1C 30 1A 09 04 3E 20 2A 06 30
22 13 28 3C 08 3C 02 3B 00 0B 27 38 04 0B 26 30
01 2C 00 00 03 00 00 00 08 24 27 01 16 3C 28 2B
29 38 21 18 13 2F 28 18 04 3A 00 0F 30 1B 3D 13
30 24 28 03 3A 13 3D 04 00 06 38 00 0D 00 0A 00
01 00 00 3C 08 38 38 08 12 3C 28 2A 08 38 01 3C
28 08 1A 18 12 2F 2A 08 10 3E 20 2A 1F 08 25 3E
20 27 2E 08 3B 03 2C 0B 2D 3E 20 2A 15 38 20 2C
3E 08 3B 01 16 3E 28 2A 1B 3B 20 2A 1F 08 3B 01
14 3E 20 38 01 08 13 25 00 18 13 08 13 24 35 18
18 08 13 24 36 18 19 08 10 3E 20 2A 3A 09 05 3E
20 2A 3A 08 3B 01 13 3E 28 2A 3A 08 19 08 15 25
01 18 15 08 18 08 14 25 01 18 14 08 14 25 02 25
02 08 16 18 16 08 15 25 02 25 02 08 17 18 17 08
10 3E 20 2F 2A 0B 2B 3E 28 2B 0C 13 2B 2F 2A 08
3B 01 11 3E 28 2F 2A 09 0A 1C 0E 08 14 25 02 24
38 08 18 24 38 1C 0E 08 18 39 06 08 16 1C 0E 08
15 25 02 24 38 08 19 24 38 1C 0E 08 19 39 06 08
17 1C 0E 09 1F 1B 2B 25 03 2F 2A 06 00 00 00 03
00 3D 00 15 07 3C 28 2B 37 18 1B 08 1B 08 2B 3F
00 29 26 08 1B 08 21 18 21 08 15 20 3F 08 26 20
3F 2F 3F 1C 18 06 00 08 1D 3C 28 2A 08 38 01 3C
28 08 25 18 1D 2F 28 08 1B 3E 20 2A 1D 08 1A 3E
20 27 2C 08 3B 03 2A 0B 2B 3E 28 2C 3E 08 3B 01
0F 3E 28 2A 19 3B 20 2A 1D 3B 07 00 3B 3E 20 38
01 08 1E 25 00 18 1E 08 1E 24 35 18 23 08 1E 24
36 18 24 08 1B 3E 20 2A 38 09 05 3E 20 2A 38 39
05 00 3B 3E 28 2A 38 08 23 08 1F 25 01 18 1F 08
24 08 20 25 01 18 20 08 1F 25 02 25 02 08 21 18
21 08 20 25 02 25 02 08 22 18 22 08 1B 3E 20 2F
28 0B 29 3E 28 2B 0A 13 29 2F 28 38 01 00 3B 3E
28 2F 28 09 0A 1C 0E 08 1F 25 02 24 38 08 23 24
38 1C 0E 08 23 39 06 08 21 1C 0E 08 20 25 02 24
38 08 24 24 38 1C 0E 08 24 39 06 08 22 1C 0E 09
1F 1B 29 25 03 2F 28 08 00 00 00 00 0C 3F 34 15
0D 3F 38 24 2D 21 3F 22 07 3F 00 24 2D 21 3F 23
09 3E 38 2F 29 04 08 02 00 08 11 38 20 3C 20 3C
02 38 00 38 00 38 00 3B 00 08 12 3E 20 2F 2B 08
18 18 33 08 19 18 34 24 3A 09 0C 18 08 08 16 08
2F 1C 08 08 17 08 32 1C 08 08 30 38 21 08 16 1C
08 08 2D 08 17 1C 08 08 2F 08 32 38 21 08 16 1C
08 08 32 38 21 08 2F 08 17 1C 08 08 2D 38 21 08
16 1C 08 08 30 38 21 08 17 1C 08 08 3B 01 13 3E
28 2B 11 08 10 3E 20 2B 11 0B 2C 3C 28 3B 24 1B
2C 13 2C 2B 11 0B 2D 38 20 1B 2D 0B 2D 3E 28 08
2D 08 2F 38 21 08 16 1C 08 0B 2D 3E 28 08 30 08
32 38 21 08 17 1C 08 08 2D 38 21 08 16 1C 08 08
30 38 21 08 17 1C 08 3B 24 09 1B 18 11 08 2F 38
21 08 32 08 16 1C 08 08 2F 08 32 38 21 08 17 1C
08 08 30 08 16 1C 08 08 2D 38 21 08 17 1C 08 08
2F 08 16 1C 08 08 32 08 17 1C 08 2F 2B 0A 00 00
00 3F 3F 00 01 00 01 00 12 00 01 00 01 02 1E 09
1E 30 01 2C 00 3C 20 3C 02 38 00 2B 3E 06 08 2F
3D 1C 08 38 00 38 00 3B 00 08 1D 3E 20 2F 3D 08
23 18 33 08 24 18 34 24 3A 09 0D 18 08 08 2F 08
21 1C 08 08 32 08 22 1C 08 08 31 38 21 08 2E 08
21 1C 08 08 2E 08 31 08 22 1C 08 08 31 38 21 08
21 1C 08 08 2E 08 22 1C 08 08 31 08 2F 38 21 08
21 1C 08 08 32 38 21 08 2E 08 22 1C 08 08 2E 38
21 08 21 1C 08 08 31 38 21 08 22 1C 08 3B 05 00
3B 3E 28 2B 1A 08 1B 3E 20 2B 1A 0B 3E 3C 28 3B
24 1B 3E 13 3E 2B 1A 0B 3F 38 20 1B 3F 0B 3F 3E
28 08 2E 08 2F 38 21 08 21 1C 08 0B 3F 3E 28 08
31 08 32 38 21 08 22 1C 08 08 2E 38 21 08 21 1C
08 08 31 38 21 08 22 1C 08 3B 24 09 1C 18 1C 08
2F 38 21 08 31 08 21 1C 08 08 32 08 2E 38 21 08
22 1C 08 08 31 08 21 1C 08 08 2E 38 21 08 22 1C
08 08 31 08 2E 08 21 1C 08 08 2E 38 21 08 31 08
22 1C 08 08 2F 08 21 1C 08 08 32 08 22 1C 08 2F
3D 0C 00 00 00 00 00 3B 00 26 3A 33 15 08 12 3E
20 2A 1E 09 0C 18 08 08 11 18 09 0C 08 18 26 0C
08 18 27 08 10 3E 20 2E 3B 0C 08 18 28 0C 08 18
29 24 39 10 09 3C 08 2A 1E 08 28 18 26 08 29 18
27 2A 11 08 1D 3E 20 2E 34 09 0D 18 08 08 1C 18
09 0C 08 18 26 0C 08 18 27 08 1B 3E 20 2E 3C 0C
08 18 28 0C 08 18 29 24 39 10 09 2A 35 2E 34 0E
00 08 28 18 26 08 29 18 27 2A 2C 10 3C 12 39 13
08 0C 31 08 26 38 21 08 28 23 1D 18 2A 08 27 38
21 08 29 23 1D 18 2B 09 1A 18 2C 08 26 08 2A 18
26 08 27 08 2B 18 27 08 26 38 0A 38 00 30 2A 3A
00 08 27 38 0A 38 00 30 32 2B 28 10 2C 2B 0A 2E
3D 0D 07 39 00 3D 08 38 11 38 08 39 00 3D 08 38
11 38 08 2F 1D 2F 18 3B 00 30 3C 2B 1A 3C 20 3C
02 3A 00 08 13 18 0B 04 0B 08 0B 08 20 38 20 3C
20 3C 02 3A 00 08 12 18 0B 14 0B 38 00 08 0B 08
1F 38 20 3C 20 3C 02 3B 00 0A 3A 19 0B 33 16 0D
0B 3C 28 2A 32 38 01 1D 0B 11 0B 0D 0B 11 0B 0D
0B 1D 0B 0D 0B 19 08 11 0B 0D 0B 11 0B 0D 0B 1D
0B 0D 0B 19 09 09 08 38 0A 38 00 30 2A 3A 00 09
09 38 0A 38 00 30 32 2B 28 26 3C 11 0B 09 0B 0A
3B 3E 20 2A 04 09 04 3E 20 2E 31 09 20 33 0B 3B
00 33 03 08 3C 38 21 2A 30 15 17 09 0B 09 0E 19
0B 09 0B 0A 3B 3E 20 2A 04 2A 27 3D 01 02 03 10
00 07 27 0B 13 1B 14 0B 15 09 0E 1B 15 0B 15 0A
3B 3E 20 2B 09 0A 3A 1B 15 0F 15 3E 28 2B 0F 13
14 2B 00 3C 02 38 20 0B 15 18 0E 2E 3D 3F 34 3F
34 3D 01 02 1E 38 20 0A 3A 18 0E 0A 3A 19 0B 0A
3A 1B 15 0A 3A 1B 27 1F 27 13 27 0B 27 0A 3B 3E
20 2B 20 2F 16 3D 3D 3B 00 30 3C 2A 21 02 39 02
21 02 22 02 23 02 24 02 25 02 26 02 27 02 28 02
29 02 2A 02 2B 02 2C 02 2D 02 2E 02 2F 02 3A 02
3B 02 3C 02 3D 02 3E 0E 22 08 12 3E 20 2A 1A 08
10 3E 20 2A 1A 09 08 38 21 08 16 3D 08 38 21 0A
34 3F 00 2A 1A 09 09 38 21 08 17 3D 08 38 21 0A
34 3F 00 2A 1A 09 07 18 10 22 35 08 1D 3E 20 2E
00 08 1B 3E 20 2E 00 09 08 38 21 08 21 3D 08 38
21 0A 34 3F 00 2E 00 09 09 38 21 08 22 3D 08 38
21 0A 34 3F 00 2E 00 09 07 18 1B 22 35 2E 00 3E
30 10 1A 09 1A 09 0B 1A 3B 1E 3B 2E 35 3D 0B 0C
02 08 12 3E 20 2E 3C 08 1D 3E 20 2E 3C 08 10 3E
20 2E 3C 08 1B 3E 20 2E 3C 08 16 38 21 08 21 3D
08 38 21 0B 1E 3F 00 2E 3C 08 17 38 21 08 22 3D
08 38 21 0B 1E 3F 00 2E 3C 09 07 18 10 09 07 18
1B 2E 3C 3D 00 20 14 05 13 14 00 0D 00 0A 00 01
00 00 0D 00 0A 20 10 12 05 13 13 20 01 20 0B 05
19 2E 00 0D 00 0A 00 01 00 00 0D 00 0A 20 05 03
08 0F 20 14 05 13 14 00 0D 00 0A 20 03 08 01 12
01 03 14 05 12 13 20 1A 2B 0A 2B 3E 20 0A 29 0A
2A 18 0D 08 3D 18 0F 0C 0F 02 28 38 21 1C 0D 0C
0F 25 00 1C 0D 0C 0F 22 30 1C 0D 0C 0F 22 30 1C
0D 0C 0F 1C 0D 0C 0F 1C 0D 0C 0F 02 28 0A 2F 3F
00 2A 25 0A 2B 3E 20 0A 29 0A 2E 1A 30 09 07 1E
30 12 2B 2E 2D 2E 2C 07 3F 3F 35 00 1C 00 00 06
00 08 00 00 1B 3E 00 12 14 39 00 3D 08 38 10 02
38 3D 18 38 21 2E 30 01 3F 3B 00 08 13 0B 1B 18
13 27 1A 10 10 2F 17 38 01 18 12 38 01 18 1A 08
25 3E 28 2F 17 2F 19 3B 00 08 1E 0B 1C 18 1E 27
1A 10 1B 2F 18 38 01 18 1D 38 01 18 25 08 1A 3E
20 2F 19 2F 18 0C 1E 0E 00 15 13 14 00 00 2D 00
2D 08 16 18 0E 04 0E 08 0E 08 23 38 20 3C 20 3C
02 3A 00 08 15 18 0E 04 0E 08 0E 08 22 38 20 3C
20 3C 02 3A 00 08 14 18 0E 04 0E 08 0E 08 21 38
20 3C 20 3C 02 3A 00 08 13 18 0E 04 0E 08 0E 08
20 38 20 3C 20 3C 02 13 0D 0C 08 18 28 0C 08 18
29 08 28 38 21 08 26 18 2A 08 29 38 21 08 27 18
2B 09 1A 18 2C 08 26 08 2A 18 26 08 27 08 2B 18
27 08 26 38 0A 38 00 30 2A 3A 00 08 27 38 0A 38
00 30 32 2B 28 10 2C 2A 0F 10 09 3C 08 2E 00 08
28 18 26 08 29 18 27 2A 01 06 37 1A 3A 0A 3A 3D
00 2A 33 0A 3C 3F 00 2A 38 0A 3B 2E 29 0A 3B 3F
08 2A 38 0A 3C 2E 29 0A 3A 2E 29 3F 0B 3E 20 01
20 06 1F 3D 00 2B 02 09 18 2A 3E 09 21 3D 00 2B
02 09 18 2E 3D 04 0E 0B 22 1B 27 38 01 19 04 2F
07 06 0E 0B 23 1B 27 38 01 19 04 2F 0D 0B 25 1B
27 38 01 19 04 33 15 0B 21 24 3F 0B 27 24 3F 0B
26 24 3F 0B 24 24 3F 2B 17 3B 1F 3B 24 3B 26 3B
28 3B 2B 3B 20 3B 2B 3B 00 30 3C 2A 1F 09 21 24
2C 09 1A 24 2C 11 0E 3C 08 2C 24 24 2A 24 23 2B
2B 3C 20 3C 02 3A 00 08 13 18 0F 04 0F 08 0F 08
20 38 20 3C 20 3C 02 00 04 16 0B 24 2B 3F 3E 24
28 10 3E 24 2B 3F 3E 24 30 0F 08 2C 24 00 05 16
10 24 30 0F 0B 2C 24 00 06 16 15 24 30 0F 0E 2C
24 00 07 16 1A 24 30 0F 11 2C 24 00 08 16 1F 24
30 0F 14 2C 24 00 09 16 24 24 30 0F 17 2C 24 00
0A 16 29 24 30 0F 1A 2C 24 00 0B 16 2E 24 30 0F
1D 2C 24 00 0C 16 33 24 30 0F 20 2C 24 00 0D 16
38 24 30 0F 23 2C 24 00 0E 16 3D 24 30 0F 26 2C
24 00 0F 17 02 24 30 0F 29 2C 24 00 10 17 07 24
30 0F 2C 2C 24 00 11 17 0C 24 30 0F 2F 2C 24 00
12 17 11 24 30 0F 32 2C 24 00 13 17 16 24 30 0F
35 2C 24 00 14 17 1B 24 30 0F 38 2C 24 00 15 17
20 24 30 0F 3B 2C 24 00 16 17 25 24 30 0F 3E 2C
24 00 17 17 2A 24 30 10 01 2C 24 00 18 17 2F 24
30 10 04 2C 24 00 19 17 35 24 32 18 13 24 2E 2C
24 00 1A 18 00 24 32 24 2A 24 2E 2C 24 3E 20 3C
02 38 00 38 00 38 00 00 1B 74 00 34 37 1A 2A 0A
00 1E 2B 12 2B 0A 2A 3C 20 2A 0F 3B 20 0A 2B 1A
2B 0E 2B 1A 00 0A 2A 2E 00 3D 00 2A 16 38 21 22
00 38 21 1A 2A 2A 08 09 1E 3D 08 2A 1A 2A 12 09
15 3D 08 2A 24 3E 20 2A 21 09 12 2A 14 0A 2A 09
1E 2A 12 09 15 0A 32 1A 00 0E 00 1A 2A 2A 08 00
13 34 2C 34 37 34 13 34 13 34 13 00 00 00 00 34
37 06 25 38 21 09 15 22 00 2E 33 00 00 00 01 00
01 00 02 00 02 00 03 00 03 00 04 00 05 00 05 00
06 00 06 00 07 00 07 00 08 00 08 00 09 00 09 00
0A 00 0A 00 0B 00 0B 00 0C 00 0D 00 0D 00 0E 00
0E 00 0F 00 0F 00 10 00 10 00 10 00 11 00 11 00
12 00 12 00 13 00 13 00 14 00 14 00 15 00 15 00
15 00 16 00 16 00 17 00 17 00 17 00 18 00 18 00
18 00 19 00 19 00 19 00 1A 00 1A 00 1A 00 1B 00
1B 00 1B 00 1B 00 1C 00 1C 00 1C 00 1D 00 1D 00
1D 00 1D 00 1D 00 1E 00 1E 00 1E 00 1E 00 1E 00
1E 00 1F 00 1F 00 1F 00 1F 00 1F 00 1F 00 1F 00
1F 00 1F 00 1F 00 1F 00 1F 00 1F 00 1F 00 00 39
00 3D 08 38 31 1A 39 1A 3A 0E 11 3C 28 2A 2D 3D
08 38 31 1A 3B 0A 38 1A 3C 0A 39 38 08 1A 39 0A
3A 3C 18 0A 3B 39 08 1A 3A 12 3C 2A 1F 0A 39 38
08 3C 18 2A 31 1A 39 0A 3A 12 11 2E 11 39 21 1A
39 0A 3A 38 20 3C 18 38 01 2A 2F 3F 34 00 00 00
00 00 00 00 00 00 00 39 00 3D 08 38 11 38 08 2E
3D 0A 09 08 33 18 2D 08 2D 39 04 18 2E 08 2D 08
2E 18 2F 08 34 18 30 08 30 39 04 18 31 08 30 08
31 18 32 2F 03 00 00 00 00 00 00 00 00 00 00 00
00 00 00 00 00 00 00 00 00 00 00 00 00 00 00 00
00 00 00 00 00 00 00 00 00 00 00 00 00 00 00 00
00 00 00 00 00 00 00 00 00 00 00 00 00 00 00 00
00 00 00 00 00 00 00 00 00 00 00 00 00 00 00 00
00 00 00 00 00 00 00 00 00 00 00 00 00 7C 00 00
00 00 00 19 01 80 80 80 80 80 80 80 80 80 80 80
80 80 80 80 80 80 80 80 80 80 80 80 80 80 80 80
80 80 80 80 80 80 80 80 80 80 80 80 80 80 80 80
80 80 80 80 80 80 80 80 80 80 80 80 80 80 80 80
80 80 80 80 80 80 80 80 80 80 80 80 80 80 80 80
80 80 80 80 80 80 80 80 80 80 80 80 80 80 80 80
80 80 80 80 80 80 80 80 80 80 80 80 80 80 80 80
80 80 80 80 80 80 80 80 80 80 80 80 80 80 80 80
80 80 80 80 80 80 80 80 80 80 80 80 80 80 80 00
00 00 00 00 00 00 00 00 00 00 00 00 00 00 00 00
00 00 00 00 00 00 00 00 00 00 00 00 00 00 00 00
00 00 00 00 00 00 00 00 00 00 00 00 00 00 00 00
00 00 00 00 00 00 00 00 00 00 00 00 00 00 00 00
00 00 00 00 00 00 00 00 00 00 00 00 00 00 00 00
00 00 00 00 00 00 00 00 00 00 00 00 00 00 00 00
00 00 00 00 00 00 00 00 00 00 00 00 00 00 00 00
00 00 00 00 00 00 00 00 00 00 00 00 00 00 00 00
00 00 00 00 00 00 00 00 00 00 00 00 00 00 00 00
00 00 00 00 00 00 00 00 00 00 00 00 00 00 00 00
00 00 00 00 00 00 00 00 00 00 00 00 00 00 00 00
