# Tape Label: MAINDEC-08-D1L2-PM 6/7/68 BASIC PDP8, 8I MEMORY CHECKERBOARD (HIGH)
#Start
00 00 00 00 00 00 00 00 00 00 00 00 00 00 00 00
00 00 00 00 00 00 00 00 00 00 00 00 00 00 00 00
00 00 00 00 00 00 00 00 00 00 00 00 00 00 00 00
00 00 00 00 00 00 00 00 00 00 00 00 00 00 00 00
00 00 00 00 00 00 00 00 00 00 00 00 00 00 00 00
00 00 00 00 00 00 00 00 00 00 00 00 00 00 00 00
00 00 00 00 00 00 00 00 00 00 00 00 00 00 00 00
00 00 00 00 00 00 00 00 00 00 00 00 00 00 00 00
00 00 00 00 00 00 00 00 00 00 00 00 00 00 00 00
00 00 00 00 00 00 00 00 00 00 00 00 00 00 00 00
00 00 00 00 00 00 00 00 00 00 00 00 00 00 00 00
00 00 00 00 00 00 00 00 00 00 00 00 00 00 00 00
00 00 00 00 00 00 00 00 00 00 00 00 00 00 00 00
00 00 00 00 00 00 00 00 00 00 00 00 00 00 00 00
00 00 00 00 00 00 00 00 00 00 00 00 00 00 00 00
00 00 00 00 00 00 00 00 00 00 00 00 00 00 00 00
00 00 00 00 00 80 80 80 80 80 80 80 80 80 80 80
80 80 80 80 80 80 80 80 80 80 80 80 80 80 80 80
80 80 80 80 80 80 80 80 80 80 80 80 80 80 80 80
80 80 80 80 80 80 80 80 80 80 80 80 80 80 80 80
80 80 80 80 80 80 40 01 28 01 40 02 00 02 40 03
00 03 80 80 80 80 80 80 80 80 80 80 80 80 80 80
80 80 80 80 80 80 80 80 80 80 80 80 80 80 80 80
80 80 80 80 80 80 80 80 80 80 80 80 80 80 80 80
80 80 80 80 80 80 80 80 80 80 80 80 80 80 80 80
80 80 80 7C 18 39 11 7C 19 1B 31 7C 1A 0B 36 7C
1B 1A 35 7C 1C 3E 04 7C 1D 1B 32 7C 1E 1B 33 7C
1F 13 31 7C 20 0B 31 7C 21 03 2F 7C 22 3E 20 7C
23 0B 2E 7C 24 0B 2D 7C 25 1A 2C 7C 26 0B 2C 7C
27 0B 33 7C 28 3E 28 7C 29 2A 1A 7C 2A 0B 32 7C
2B 03 2B 7C 2C 00 00 7C 2D 0B 2E 7C 2E 0B 2D 7C
2F 1A 32 7C 30 0B 32 7C 31 03 2F 7C 32 00 00 7C
33 38 20 7C 34 3C 10 7C 35 2A 3E 7C 36 1F 33 7C
37 13 33 7C 38 13 32 7C 39 0B 33 7C 3A 03 2A 7C
3B 3E 28 7C 3C 2A 26 7C 3D 2A 30 7C 3E 1B 34 7C
3F 0B 30 7D 00 1B 35 7D 01 1B 33 7D 02 0F 33 7D
03 38 20 7D 04 1F 33 7D 05 0B 2C 7D 06 0B 33 7D
07 3E 28 7D 08 2B 0B 7D 09 13 33 7D 0A 2B 02 7D
0B 13 35 7D 0C 2B 01 7D 0D 0B 37 7D 0E 1A 35 7D
0F 1B 33 7D 10 0B 34 7D 11 1B 34 7D 12 0F 33 7D
13 38 21 7D 14 0B 34 7D 15 3E 20 7D 16 2B 22 7D
17 0B 34 7D 18 38 20 7D 19 1F 33 7D 1A 0F 33 7D
1B 38 01 7D 1C 0B 34 7D 1D 3E 20 7D 1E 2B 22 7D
1F 0B 34 7D 20 39 00 7D 21 2A 36 7D 22 0F 33 7D
23 3C 02 7D 24 3A 00 7D 25 0B 33 7D 26 3C 02 7D
27 3B 00 7D 28 3B 00 7D 29 2B 1F 7D 2A 00 3F 7D
2B 02 00 7D 2C 04 00 7D 2D 3E 20 7D 2E 00 08 7D
2F 00 02 7D 30 3F 30 7D 31 00 00 7D 32 00 00 7D
33 00 00 7D 34 00 00 7D 35 00 00 7D 36 2A 3E 7D
37 2B 11 80 80 80 80 80 80 80 80 80 80 80 80 80
80 80 80 80 80 80 80 80 80 80 80 80 80 80 80 80
80 80 80 80 80 80 80 80 80 80 80 80 80 80 80 80
80 80 80 80 80 80 80 80 80 80 80 80 80 80 80 80
80 80 80 80 40 00 05 18 00 00 00 00 00 00 00 00
00 00 00 00 00 00 00 00 00 00 00 00 00 00 00 00
00 00 00 00 00 00 00 00 00 00 00 00 00 00 00 00
00 00 00 00 00 00 00 00 00 00 00 00 00 00 00 00
00 00 00 00 00 00 00 00 00 00 00 00 00 00 00 00
00 00 00 00 00 00 00 00 00 00 00 00 00 00 00 00
00 00 00 00 00 00 00 00 00 00 00 00 00 00 00 00
00 00 00 00 00 00 00 00 00 00 00 00 00 00 00 00
00 00 00 00 00 00 00 00 00 00 00 00 00 00 00 00
00 00 00 00 00 00 00 00 00 00 00 00 00 00 00 00
00 00 00 00 00 00 00 00 00 00 00 00 00 00 00 00
00 00 00 00 00 00 00 00 00 00 00 00 00 00 00 00
00 00 00 00 00 00 00 00 00 00 00 00 00 00 00 00
00 00 00 00 00 00 00 00 00 00 00 00 00 00 00 00
00 00 00 00 00 00 00 00 00 00 00 00 00 00 00 00
00 00 00 00 00 00 00 00 00 00 00 00 00 00 00 00
00 00 00 00 00 00 00 00 00 00 00 00 00 00 00 00
00 00 00 00 00 00 00 00 00 00 00 00 00 00 00 00
00 00 00 00 00 00 00 00 00 00 00 00 00 00 00 00
00 00 00 00 00 00 00 00 00 00 00 00 00 00 00 00
00 00 00 00 00 00 00 00 00 00 00 00 00 00 00 00
00 00 00 00 00 00 00 00 00 00 00 00 00 00 00 00
00 00 00 00 00 00 00 00 00 00 00 00 00 00 00 00
00 00 00 00 00 00 00 00 00 00 00 00 00 00 00 00
00 00 00 00 00 00 00 00 00 00 00 00 00 00 00 00
00 00 00 00 00 00 00 00 00 00 00 00 00 00 00 00
00 00 00 00 00 00 00 00 00 00 00 00 00 00 00 00
00 00 00 00 00 00 00 00 00 00 00 00 00 00 00 00
00 00 00 00 00 00 00 00 00 00 00 00 00 00 00 00
00 00 00 00 00 00 00 00 00 00 00 00 00 00 00 00
00 00 00 00 00 00 00 00 00 00 00 00 00 00 00 00
00 00 00 00 00 00 00 00 00 00 00 00 00 00 00 00
00 00 00 00 00 00 00 00 00 00 00 00 00 00 00 00
00 00 00 00 00 00 00 00 00 00 00 
